
====================================================================================================
Block Name   | Base Shape (Ref)     | Attn Real Shape      | Base Params     | Attn Params    
----------------------------------------------------------------------------------------------
inc          | Matched              | [1, 64, 128, 128]    | 37,696          | 37,696         
down1        | Matched              | [1, 128, 64, 64]     | 221,696         | 221,696        
down2        | Matched              | [1, 256, 32, 32]     | 885,760         | 885,760        
down3        | Matched              | [1, 512, 16, 16]     | 3,540,992       | 3,540,992      
down4        | Matched              | [1, 1024, 8, 8]      | 14,159,872      | 14,159,872     
down5        | Matched              | [1, 2048, 4, 4]      | 56,631,296      | 56,631,296     
up1          | Matched              | [1, 1024, 8, 8]      | 36,705,280      | 37,757,443     
up2          | Matched              | [1, 512, 16, 16]     | 9,177,600       | 9,441,539      
up3          | Matched              | [1, 256, 32, 32]     | 2,295,040       | 2,361,475      
up4          | Matched              | [1, 128, 64, 64]     | 574,080         | 590,915        
up5          | Matched              | [1, 1024, 128, 128]  | 10,653,760      | 10,658,083     
----------------------------------------------------------------------------------------------
TOTAL PARAMS | Baseline: 134,883,072 | Attention: 136,286,767 | Overhead: 1.04%
